Best score: 0.9710702419780955
	colsample_bytree: 0.9000000000000004
	gamma: 1
	learning_rate: 0.33999999999999986
	max_depth: 95
	n_estimators: 900
	subsample: 0.55
